tile_IWBTG,576,736,32,64,32,32,0,1,1,4294967295
tile_IWBTG,416,256,32,96,32,32,0,1,1,4294967295
tile_IWBTG,672,256,32,96,32,32,0,1,1,4294967295
tile_IWBTG,448,256,0,96,32,32,0,1,1,4294967295
tile_IWBTG,480,256,0,96,32,32,0,1,1,4294967295
tile_IWBTG,512,256,0,96,32,32,0,1,1,4294967295
tile_IWBTG,544,256,0,96,32,32,0,1,1,4294967295
tile_IWBTG,640,256,32,96,32,32,0,1,1,4294967295
tile_IWBTG,640,160,32,96,32,32,0,1,1,4294967295
tile_IWBTG,544,192,32,96,32,32,0,1,1,4294967295
tile_IWBTG,512,192,32,96,32,32,0,1,1,4294967295
tile_IWBTG,544,96,32,96,32,32,0,1,1,4294967295
tile_IWBTG,768,96,32,96,32,32,0,1,1,4294967295
tile_IWBTG,576,96,0,96,32,32,0,1,1,4294967295
tile_IWBTG,608,96,0,96,32,32,0,1,1,4294967295
tile_IWBTG,640,96,0,96,32,32,0,1,1,4294967295
tile_IWBTG,672,96,0,96,32,32,0,1,1,4294967295
tile_IWBTG,704,96,0,96,32,32,0,1,1,4294967295
tile_IWBTG,736,96,0,96,32,32,0,1,1,4294967295
tile_IWBTG,640,192,32,64,32,32,0,1,1,4294967295
tile_IWBTG,640,224,32,64,32,32,0,1,1,4294967295
tile_IWBTG,736,448,32,96,32,32,0,1,1,4294967295
tile_IWBTG,544,448,0,96,32,32,0,1,1,4294967295
tile_IWBTG,576,448,0,96,32,32,0,1,1,4294967295
tile_IWBTG,608,448,0,96,32,32,0,1,1,4294967295
tile_IWBTG,704,448,0,96,32,32,0,1,1,4294967295
tile_IWBTG,512,352,32,96,32,32,0,1,1,4294967295
tile_IWBTG,512,416,32,64,32,32,0,1,1,4294967295
tile_IWBTG,512,384,32,64,32,32,0,1,1,4294967295
tile_IWBTG,512,448,32,96,32,32,0,1,1,4294967295
tile_IWBTG,672,448,32,96,32,32,0,1,1,4294967295
tile_IWBTG,640,448,0,96,32,32,0,1,1,4294967295
tile_IWBTG,672,416,32,64,32,32,0,1,1,4294967295
tile_IWBTG,672,384,32,96,32,32,0,1,1,4294967295
tile_IWBTG,576,256,0,96,32,32,0,1,1,4294967295
tile_IWBTG,608,256,32,96,32,32,0,1,1,4294967295
tile_IWBTG,608,288,32,64,32,32,0,1,1,4294967295
tile_IWBTG,608,320,32,96,32,32,0,1,1,4294967295
tile_IWBTG,704,576,32,96,32,32,0,1,1,4294967295
tile_IWBTG,448,576,0,96,32,32,0,1,1,4294967295
tile_IWBTG,480,576,0,96,32,32,0,1,1,4294967295
tile_IWBTG,512,576,0,96,32,32,0,1,1,4294967295
tile_IWBTG,544,576,0,96,32,32,0,1,1,4294967295
tile_IWBTG,576,576,0,96,32,32,0,1,1,4294967295
tile_IWBTG,608,576,0,96,32,32,0,1,1,4294967295
tile_IWBTG,640,576,0,96,32,32,0,1,1,4294967295
tile_IWBTG,672,576,0,96,32,32,0,1,1,4294967295
tile_IWBTG,736,704,32,96,32,32,0,1,1,4294967295
tile_IWBTG,768,704,32,96,32,32,0,1,1,4294967295
tile_IWBTG,704,736,32,96,32,32,0,1,1,4294967295
tile_IWBTG,672,768,32,96,32,32,0,1,1,4294967295
tile_IWBTG,640,800,32,96,32,32,0,1,1,4294967295
tile_IWBTG,608,832,32,96,32,32,0,1,1,4294967295
tile_IWBTG,576,832,32,96,32,32,0,1,1,4294967295
tile_IWBTG,576,704,32,96,32,32,0,1,1,4294967295
tile_IWBTG,512,832,32,96,32,32,0,1,1,4294967295
tile_IWBTG,480,832,32,96,32,32,0,1,1,4294967295
tile_IWBTG,448,928,32,96,32,32,0,1,1,4294967295
tile_IWBTG,480,960,32,96,32,32,0,1,1,4294967295
tile_IWBTG,512,992,32,96,32,32,0,1,1,4294967295
tile_IWBTG,544,1024,32,96,32,32,0,1,1,4294967295
tile_IWBTG,576,1056,32,96,32,32,0,1,1,4294967295
tile_IWBTG,576,928,32,96,32,32,0,1,1,4294967295
tile_IWBTG,608,960,32,96,32,32,0,1,1,4294967295
tile_IWBTG,608,1088,32,96,32,32,0,1,1,4294967295
tile_IWBTG,672,1088,32,96,32,32,0,1,1,4294967295
tile_IWBTG,672,1024,32,96,32,32,0,1,1,4294967295
tile_IWBTG,736,960,32,96,32,32,0,1,1,4294967295
tile_IWBTG,672,896,32,96,32,32,0,1,1,4294967295
tile_IWBTG,576,768,32,64,32,32,0,1,1,4294967295
tile_IWBTG,576,800,32,64,32,32,0,1,1,4294967295
tile_IWBTG,576,992,32,64,32,32,0,1,1,4294967295
tile_IWBTG,576,1024,32,64,32,32,0,1,1,4294967295
tile_IWBTG,640,1088,0,96,32,32,0,1,1,4294967295
tile_IWBTG,576,960,32,96,32,32,0,1,1,4294967295
tile_IWBTG,480,1120,32,96,32,32,0,1,1,4294967295
tile_IWBTG,512,1120,32,96,32,32,0,1,1,4294967295
tile_IWBTG,480,1184,32,96,32,32,0,1,1,4294967295
tile_IWBTG,512,1184,32,96,32,32,0,1,1,4294967295
tile_IWBTG,480,1152,32,64,32,32,0,1,1,4294967295
tile_IWBTG,512,1152,32,64,32,32,0,1,1,4294967295
tile_IWBTG,352,1088,32,96,32,32,0,1,1,4294967295
tile_IWBTG,160,1088,32,96,32,32,0,1,1,4294967295
tile_IWBTG,256,1088,32,96,32,32,0,1,1,4294967295
tile_IWBTG,96,1024,32,96,32,32,0,1,1,4294967295
tile_IWBTG,192,1024,32,96,32,32,0,1,1,4294967295
tile_IWBTG,288,1024,32,96,32,32,0,1,1,4294967295
tile_IWBTG,384,1024,32,96,32,32,0,1,1,4294967295
tile_IWBTG,160,960,32,96,32,32,0,1,1,4294967295
tile_IWBTG,256,960,32,96,32,32,0,1,1,4294967295
tile_IWBTG,352,960,32,96,32,32,0,1,1,4294967295
tile_IWBTG,416,1024,32,96,32,32,0,1,1,4294967295
tile_IWBTG,160,800,32,96,32,32,0,1,1,4294967295
tile_IWBTG,416,576,32,96,32,32,0,1,1,4294967295
tile_IWBTG,416,640,32,96,32,32,0,1,1,4294967295
tile_IWBTG,352,640,32,96,32,32,0,1,1,4294967295
tile_IWBTG,416,512,32,96,32,32,0,1,1,4294967295
tile_IWBTG,352,512,32,96,32,32,0,1,1,4294967295
tile_IWBTG,384,512,0,96,32,32,0,1,1,4294967295
tile_IWBTG,384,576,0,96,32,32,0,1,1,4294967295
tile_IWBTG,384,640,0,96,32,32,0,1,1,4294967295
tile_IWBTG,416,544,32,64,32,32,0,1,1,4294967295
tile_IWBTG,416,608,32,64,32,32,0,1,1,4294967295
tile_IWBTG,0,608,32,64,32,32,0,1,1,4294967295
tile_IWBTG,0,640,32,64,32,32,0,1,1,4294967295
tile_IWBTG,0,672,32,64,32,32,0,1,1,4294967295
tile_IWBTG,0,704,32,64,32,32,0,1,1,4294967295
tile_IWBTG,0,736,32,64,32,32,0,1,1,4294967295
tile_IWBTG,0,768,32,64,32,32,0,1,1,4294967295
tile_IWBTG,0,800,32,64,32,32,0,1,1,4294967295
tile_IWBTG,0,832,32,64,32,32,0,1,1,4294967295
tile_IWBTG,0,864,32,64,32,32,0,1,1,4294967295
tile_IWBTG,0,896,32,64,32,32,0,1,1,4294967295
tile_IWBTG,0,928,32,64,32,32,0,1,1,4294967295
tile_IWBTG,0,960,32,64,32,32,0,1,1,4294967295
tile_IWBTG,0,992,32,64,32,32,0,1,1,4294967295
tile_IWBTG,0,1024,32,64,32,32,0,1,1,4294967295
tile_IWBTG,0,1056,32,64,32,32,0,1,1,4294967295
tile_IWBTG,0,1088,32,64,32,32,0,1,1,4294967295
tile_IWBTG,0,1120,32,64,32,32,0,1,1,4294967295
tile_IWBTG,0,1152,32,64,32,32,0,1,1,4294967295
tile_IWBTG,32,1184,0,96,32,32,0,1,1,4294967295
tile_IWBTG,64,1184,0,96,32,32,0,1,1,4294967295
tile_IWBTG,96,1184,0,96,32,32,0,1,1,4294967295
tile_IWBTG,128,1184,0,96,32,32,0,1,1,4294967295
tile_IWBTG,160,1184,0,96,32,32,0,1,1,4294967295
tile_IWBTG,192,1184,0,96,32,32,0,1,1,4294967295
tile_IWBTG,224,1184,0,96,32,32,0,1,1,4294967295
tile_IWBTG,256,1184,0,96,32,32,0,1,1,4294967295
tile_IWBTG,288,1184,0,96,32,32,0,1,1,4294967295
tile_IWBTG,320,1184,0,96,32,32,0,1,1,4294967295
tile_IWBTG,352,1184,0,96,32,32,0,1,1,4294967295
tile_IWBTG,384,1184,0,96,32,32,0,1,1,4294967295
tile_IWBTG,416,1184,0,96,32,32,0,1,1,4294967295
tile_IWBTG,448,1184,0,96,32,32,0,1,1,4294967295
tile_IWBTG,544,1184,0,96,32,32,0,1,1,4294967295
tile_IWBTG,576,1184,0,96,32,32,0,1,1,4294967295
tile_IWBTG,608,1184,0,96,32,32,0,1,1,4294967295
tile_IWBTG,640,1184,0,96,32,32,0,1,1,4294967295
tile_IWBTG,672,1184,0,96,32,32,0,1,1,4294967295
tile_IWBTG,704,1184,0,96,32,32,0,1,1,4294967295
tile_IWBTG,736,1184,0,96,32,32,0,1,1,4294967295
tile_IWBTG,768,1152,32,64,32,32,0,1,1,4294967295
tile_IWBTG,768,1120,32,64,32,32,0,1,1,4294967295
tile_IWBTG,768,1088,32,64,32,32,0,1,1,4294967295
tile_IWBTG,768,1056,32,64,32,32,0,1,1,4294967295
tile_IWBTG,768,1024,32,64,32,32,0,1,1,4294967295
tile_IWBTG,768,992,32,64,32,32,0,1,1,4294967295
tile_IWBTG,768,960,32,64,32,32,0,1,1,4294967295
tile_IWBTG,768,928,32,64,32,32,0,1,1,4294967295
tile_IWBTG,768,896,32,64,32,32,0,1,1,4294967295
tile_IWBTG,768,864,32,64,32,32,0,1,1,4294967295
tile_IWBTG,768,832,32,64,32,32,0,1,1,4294967295
tile_IWBTG,768,800,32,64,32,32,0,1,1,4294967295
tile_IWBTG,768,768,32,64,32,32,0,1,1,4294967295
tile_IWBTG,768,736,32,64,32,32,0,1,1,4294967295
tile_IWBTG,768,672,32,64,32,32,0,1,1,4294967295
tile_IWBTG,768,640,32,64,32,32,0,1,1,4294967295
tile_IWBTG,768,608,32,64,32,32,0,1,1,4294967295
tile_IWBTG,0,1184,32,96,32,32,0,1,1,4294967295
tile_IWBTG,768,1184,32,96,32,32,0,1,1,4294967295
tile_IWBTG,64,736,32,96,32,32,0,1,1,4294967295
tile_IWBTG,64,768,32,64,32,32,0,1,1,4294967295
tile_IWBTG,64,800,32,64,32,32,0,1,1,4294967295
tile_IWBTG,64,832,32,64,32,32,0,1,1,4294967295
tile_IWBTG,64,864,32,64,32,32,0,1,1,4294967295
tile_IWBTG,64,896,32,64,32,32,0,1,1,4294967295
tile_IWBTG,64,928,32,96,32,32,0,1,1,4294967295
tile_IWBTG,224,672,32,96,32,32,0,1,1,4294967295
tile_IWBTG,224,704,32,96,32,32,0,1,1,4294967295
tile_IWBTG,160,640,32,96,32,32,0,1,1,4294967295
tile_IWBTG,160,704,32,96,32,32,0,1,1,4294967295
tile_IWBTG,352,704,32,96,32,32,0,1,1,4294967295
tile_IWBTG,160,672,32,64,32,32,0,1,1,4294967295
tile_IWBTG,352,672,32,64,32,32,0,1,1,4294967295
tile_IWBTG,192,704,0,96,32,32,0,1,1,4294967295
tile_IWBTG,256,704,0,96,32,32,0,1,1,4294967295
tile_IWBTG,288,704,0,96,32,32,0,1,1,4294967295
tile_IWBTG,320,704,0,96,32,32,0,1,1,4294967295
tile_IWBTG,416,96,32,96,32,32,0,1,1,4294967295
tile_IWBTG,416,1088,32,96,32,32,0,1,1,4294967295
tile_IWBTG,416,1056,32,64,32,32,0,1,1,4294967295
tile_IWBTG,416,992,32,64,32,32,0,1,1,4294967295
tile_IWBTG,416,960,32,64,32,32,0,1,1,4294967295
tile_IWBTG,416,928,32,64,32,32,0,1,1,4294967295
tile_IWBTG,416,896,32,64,32,32,0,1,1,4294967295
tile_IWBTG,416,864,32,64,32,32,0,1,1,4294967295
tile_IWBTG,416,832,32,64,32,32,0,1,1,4294967295
tile_IWBTG,416,800,32,64,32,32,0,1,1,4294967295
tile_IWBTG,416,768,32,64,32,32,0,1,1,4294967295
tile_IWBTG,416,736,32,64,32,32,0,1,1,4294967295
tile_IWBTG,416,704,32,64,32,32,0,1,1,4294967295
tile_IWBTG,416,672,32,64,32,32,0,1,1,4294967295
tile_IWBTG,416,480,32,64,32,32,0,1,1,4294967295
tile_IWBTG,416,448,32,64,32,32,0,1,1,4294967295
tile_IWBTG,416,416,32,64,32,32,0,1,1,4294967295
tile_IWBTG,416,384,32,64,32,32,0,1,1,4294967295
tile_IWBTG,416,352,32,64,32,32,0,1,1,4294967295
tile_IWBTG,416,320,32,64,32,32,0,1,1,4294967295
tile_IWBTG,416,288,32,64,32,32,0,1,1,4294967295
tile_IWBTG,416,224,32,64,32,32,0,1,1,4294967295
tile_IWBTG,416,192,32,64,32,32,0,1,1,4294967295
tile_IWBTG,416,160,32,64,32,32,0,1,1,4294967295
tile_IWBTG,128,352,32,96,32,32,0,1,1,4294967295
tile_IWBTG,288,352,32,96,32,32,0,1,1,4294967295
tile_IWBTG,384,288,32,96,32,32,0,1,1,4294967295
tile_IWBTG,192,448,32,96,32,32,0,1,1,4294967295
tile_IWBTG,256,512,32,96,32,32,0,1,1,4294967295
tile_IWBTG,128,224,32,96,32,32,0,1,1,4294967295
tile_IWBTG,160,224,32,96,32,32,0,1,1,4294967295
tile_IWBTG,224,288,32,96,32,32,0,1,1,4294967295
tile_IWBTG,288,224,32,96,32,32,0,1,1,4294967295
tile_IWBTG,32,416,32,96,32,32,0,1,1,4294967295
tile_IWBTG,64,512,32,96,32,32,0,1,1,4294967295
tile_IWBTG,96,512,32,96,32,32,0,1,1,4294967295
tile_IWBTG,0,256,32,96,32,32,0,1,1,4294967295
tile_IWBTG,96,128,32,96,32,32,0,1,1,4294967295
tile_IWBTG,416,128,32,96,32,32,0,1,1,4294967295
tile_IWBTG,128,128,0,96,32,32,0,1,1,4294967295
tile_IWBTG,160,128,0,96,32,32,0,1,1,4294967295
tile_IWBTG,224,128,0,96,32,32,0,1,1,4294967295
tile_IWBTG,256,128,0,96,32,32,0,1,1,4294967295
tile_IWBTG,320,128,0,96,32,32,0,1,1,4294967295
tile_IWBTG,352,128,0,96,32,32,0,1,1,4294967295
tile_IWBTG,384,128,0,96,32,32,0,1,1,4294967295
tile_IWBTG,192,96,32,96,32,32,0,1,1,4294967295
tile_IWBTG,288,0,32,96,32,32,0,1,1,4294967295
tile_IWBTG,192,128,32,96,32,32,0,1,1,4294967295
tile_IWBTG,288,64,32,96,32,32,0,1,1,4294967295
tile_IWBTG,288,128,32,96,32,32,0,1,1,4294967295
tile_IWBTG,288,96,32,64,32,32,0,1,1,4294967295
tile_IWBTG,96,256,32,96,32,32,0,1,1,4294967295
tile_IWBTG,32,256,0,96,32,32,0,1,1,4294967295
tile_IWBTG,64,256,0,96,32,32,0,1,1,4294967295
tile_IWBTG,128,64,32,96,32,32,0,1,1,4294967295
tile_IWBTG,192,0,0,96,32,32,0,1,1,4294967295
tile_IWBTG,352,0,0,96,32,32,0,1,1,4294967295
tile_IWBTG,544,0,0,96,32,32,0,1,1,4294967295
tile_IWBTG,96,576,0,96,32,32,0,1,1,4294967295
tile_IWBTG,224,576,0,96,32,32,0,1,1,4294967295
tile_IWBTG,0,192,32,64,32,32,0,1,1,4294967295
tile_IWBTG,0,320,32,64,32,32,0,1,1,4294967295
tile_IWBTG,0,480,32,64,32,32,0,1,1,4294967295
tile_IWBTG,768,288,32,64,32,32,0,1,1,4294967295
tile_IWBTG,128,0,0,96,32,32,0,1,1,4294967295
tile_IWBTG,512,0,0,96,32,32,0,1,1,4294967295
tile_IWBTG,256,0,0,96,32,32,0,1,1,4294967295
tile_IWBTG,768,128,32,64,32,32,0,1,1,4294967295
tile_IWBTG,128,576,0,96,32,32,0,1,1,4294967295
tile_IWBTG,256,576,0,96,32,32,0,1,1,4294967295
tile_IWBTG,0,0,32,96,32,32,0,1,1,4294967295
tile_IWBTG,768,0,32,96,32,32,0,1,1,4294967295
tile_IWBTG,768,576,32,96,32,32,0,1,1,4294967295
tile_IWBTG,0,576,32,96,32,32,0,1,1,4294967295
tile_IWBTG,0,288,32,64,32,32,0,1,1,4294967295
tile_IWBTG,0,352,32,64,32,32,0,1,1,4294967295
tile_IWBTG,0,384,32,64,32,32,0,1,1,4294967295
tile_IWBTG,0,416,32,64,32,32,0,1,1,4294967295
tile_IWBTG,0,448,32,64,32,32,0,1,1,4294967295
tile_IWBTG,0,512,32,64,32,32,0,1,1,4294967295
tile_IWBTG,0,544,32,64,32,32,0,1,1,4294967295
tile_IWBTG,768,32,32,64,32,32,0,1,1,4294967295
tile_IWBTG,768,64,32,64,32,32,0,1,1,4294967295
tile_IWBTG,768,192,32,64,32,32,0,1,1,4294967295
tile_IWBTG,768,224,32,64,32,32,0,1,1,4294967295
tile_IWBTG,768,256,32,64,32,32,0,1,1,4294967295
tile_IWBTG,768,320,32,64,32,32,0,1,1,4294967295
tile_IWBTG,768,352,32,64,32,32,0,1,1,4294967295
tile_IWBTG,768,384,32,64,32,32,0,1,1,4294967295
tile_IWBTG,768,416,32,64,32,32,0,1,1,4294967295
tile_IWBTG,768,448,32,64,32,32,0,1,1,4294967295
tile_IWBTG,768,480,32,64,32,32,0,1,1,4294967295
tile_IWBTG,768,512,32,64,32,32,0,1,1,4294967295
tile_IWBTG,768,544,32,64,32,32,0,1,1,4294967295
tile_IWBTG,0,224,32,64,32,32,0,1,1,4294967295
tile_IWBTG,0,160,32,64,32,32,0,1,1,4294967295
tile_IWBTG,0,128,32,64,32,32,0,1,1,4294967295
tile_IWBTG,0,96,32,64,32,32,0,1,1,4294967295
tile_IWBTG,0,64,32,64,32,32,0,1,1,4294967295
tile_IWBTG,0,32,32,64,32,32,0,1,1,4294967295
tile_IWBTG,32,0,0,96,32,32,0,1,1,4294967295
tile_IWBTG,64,0,0,96,32,32,0,1,1,4294967295
tile_IWBTG,96,0,0,96,32,32,0,1,1,4294967295
tile_IWBTG,160,0,0,96,32,32,0,1,1,4294967295
tile_IWBTG,224,0,0,96,32,32,0,1,1,4294967295
tile_IWBTG,320,0,0,96,32,32,0,1,1,4294967295
tile_IWBTG,384,0,0,96,32,32,0,1,1,4294967295
tile_IWBTG,416,0,0,96,32,32,0,1,1,4294967295
tile_IWBTG,448,0,0,96,32,32,0,1,1,4294967295
tile_IWBTG,480,0,0,96,32,32,0,1,1,4294967295
tile_IWBTG,576,0,0,96,32,32,0,1,1,4294967295
tile_IWBTG,608,0,0,96,32,32,0,1,1,4294967295
tile_IWBTG,640,0,0,96,32,32,0,1,1,4294967295
tile_IWBTG,672,0,0,96,32,32,0,1,1,4294967295
tile_IWBTG,704,0,0,96,32,32,0,1,1,4294967295
tile_IWBTG,736,0,0,96,32,32,0,1,1,4294967295
tile_IWBTG,32,576,0,96,32,32,0,1,1,4294967295
tile_IWBTG,64,576,0,96,32,32,0,1,1,4294967295
tile_IWBTG,160,576,0,96,32,32,0,1,1,4294967295
tile_IWBTG,192,576,0,96,32,32,0,1,1,4294967295
tile_IWBTG,288,576,0,96,32,32,0,1,1,4294967295
tile_IWBTG,320,576,0,96,32,32,0,1,1,4294967295
tile_IWBTG,352,576,0,96,32,32,0,1,1,4294967295
tile_IWBTG,768,160,32,64,32,32,0,1,1,4294967295
tile_IWBTG,256,864,32,96,32,32,0,1,1,4294967295
tile_IWBTG,352,800,32,96,32,32,0,1,1,4294967295
