tile_IWBTG,1536,576,0,96,32,32,0,1,1,4294967295
tile_IWBTG,1504,576,0,96,32,32,0,1,1,4294967295
tile_IWBTG,1472,576,0,96,32,32,0,1,1,4294967295
tile_IWBTG,1440,576,0,96,32,32,0,1,1,4294967295
tile_IWBTG,0,0,32,96,32,32,0,1,1,4294967295
tile_IWBTG,0,576,32,96,32,32,0,1,1,4294967295
tile_IWBTG,0,288,32,64,32,32,0,1,1,4294967295
tile_IWBTG,0,320,32,64,32,32,0,1,1,4294967295
tile_IWBTG,0,352,32,64,32,32,0,1,1,4294967295
tile_IWBTG,0,384,32,64,32,32,0,1,1,4294967295
tile_IWBTG,0,416,32,64,32,32,0,1,1,4294967295
tile_IWBTG,0,448,32,64,32,32,0,1,1,4294967295
tile_IWBTG,0,480,32,64,32,32,0,1,1,4294967295
tile_IWBTG,0,512,32,64,32,32,0,1,1,4294967295
tile_IWBTG,0,544,32,64,32,32,0,1,1,4294967295
tile_IWBTG,0,224,32,64,32,32,0,1,1,4294967295
tile_IWBTG,0,192,32,64,32,32,0,1,1,4294967295
tile_IWBTG,0,160,32,64,32,32,0,1,1,4294967295
tile_IWBTG,0,96,32,64,32,32,0,1,1,4294967295
tile_IWBTG,0,64,32,64,32,32,0,1,1,4294967295
tile_IWBTG,0,32,32,64,32,32,0,1,1,4294967295
tile_IWBTG,32,0,0,96,32,32,0,1,1,4294967295
tile_IWBTG,64,0,0,96,32,32,0,1,1,4294967295
tile_IWBTG,96,0,0,96,32,32,0,1,1,4294967295
tile_IWBTG,160,0,0,96,32,32,0,1,1,4294967295
tile_IWBTG,192,0,0,96,32,32,0,1,1,4294967295
tile_IWBTG,224,0,0,96,32,32,0,1,1,4294967295
tile_IWBTG,288,0,0,96,32,32,0,1,1,4294967295
tile_IWBTG,320,0,0,96,32,32,0,1,1,4294967295
tile_IWBTG,352,0,0,96,32,32,0,1,1,4294967295
tile_IWBTG,416,0,0,96,32,32,0,1,1,4294967295
tile_IWBTG,448,0,0,96,32,32,0,1,1,4294967295
tile_IWBTG,480,0,0,96,32,32,0,1,1,4294967295
tile_IWBTG,544,0,0,96,32,32,0,1,1,4294967295
tile_IWBTG,576,0,0,96,32,32,0,1,1,4294967295
tile_IWBTG,608,0,0,96,32,32,0,1,1,4294967295
tile_IWBTG,640,0,0,96,32,32,0,1,1,4294967295
tile_IWBTG,672,0,0,96,32,32,0,1,1,4294967295
tile_IWBTG,704,0,0,96,32,32,0,1,1,4294967295
tile_IWBTG,736,0,0,96,32,32,0,1,1,4294967295
tile_IWBTG,32,576,0,96,32,32,0,1,1,4294967295
tile_IWBTG,96,576,0,96,32,32,0,1,1,4294967295
tile_IWBTG,192,576,0,96,32,32,0,1,1,4294967295
tile_IWBTG,224,576,0,96,32,32,0,1,1,4294967295
tile_IWBTG,288,576,0,96,32,32,0,1,1,4294967295
tile_IWBTG,320,576,0,96,32,32,0,1,1,4294967295
tile_IWBTG,352,576,0,96,32,32,0,1,1,4294967295
tile_IWBTG,416,576,0,96,32,32,0,1,1,4294967295
tile_IWBTG,448,576,0,96,32,32,0,1,1,4294967295
tile_IWBTG,480,576,0,96,32,32,0,1,1,4294967295
tile_IWBTG,544,576,0,96,32,32,0,1,1,4294967295
tile_IWBTG,576,576,0,96,32,32,0,1,1,4294967295
tile_IWBTG,608,576,0,96,32,32,0,1,1,4294967295
tile_IWBTG,672,576,0,96,32,32,0,1,1,4294967295
tile_IWBTG,704,576,0,96,32,32,0,1,1,4294967295
tile_IWBTG,736,576,0,96,32,32,0,1,1,4294967295
tile_IWBTG,800,576,0,96,32,32,0,1,1,4294967295
tile_IWBTG,832,576,0,96,32,32,0,1,1,4294967295
tile_IWBTG,864,576,0,96,32,32,0,1,1,4294967295
tile_IWBTG,896,576,0,96,32,32,0,1,1,4294967295
tile_IWBTG,928,576,0,96,32,32,0,1,1,4294967295
tile_IWBTG,992,576,0,96,32,32,0,1,1,4294967295
tile_IWBTG,1024,576,0,96,32,32,0,1,1,4294967295
tile_IWBTG,1088,576,0,96,32,32,0,1,1,4294967295
tile_IWBTG,1120,576,0,96,32,32,0,1,1,4294967295
tile_IWBTG,1152,576,0,96,32,32,0,1,1,4294967295
tile_IWBTG,1216,576,0,96,32,32,0,1,1,4294967295
tile_IWBTG,1248,576,0,96,32,32,0,1,1,4294967295
tile_IWBTG,1280,576,0,96,32,32,0,1,1,4294967295
tile_IWBTG,1312,576,0,96,32,32,0,1,1,4294967295
tile_IWBTG,1344,576,0,96,32,32,0,1,1,4294967295
tile_IWBTG,1376,576,0,96,32,32,0,1,1,4294967295
tile_IWBTG,800,0,0,96,32,32,0,1,1,4294967295
tile_IWBTG,832,0,0,96,32,32,0,1,1,4294967295
tile_IWBTG,864,0,0,96,32,32,0,1,1,4294967295
tile_IWBTG,896,0,0,96,32,32,0,1,1,4294967295
tile_IWBTG,960,0,0,96,32,32,0,1,1,4294967295
tile_IWBTG,992,0,0,96,32,32,0,1,1,4294967295
tile_IWBTG,1024,0,0,96,32,32,0,1,1,4294967295
tile_IWBTG,1056,0,0,96,32,32,0,1,1,4294967295
tile_IWBTG,1088,0,0,96,32,32,0,1,1,4294967295
tile_IWBTG,1120,0,0,96,32,32,0,1,1,4294967295
tile_IWBTG,1152,0,0,96,32,32,0,1,1,4294967295
tile_IWBTG,1184,0,0,96,32,32,0,1,1,4294967295
tile_IWBTG,1216,0,0,96,32,32,0,1,1,4294967295
tile_IWBTG,1248,0,0,96,32,32,0,1,1,4294967295
tile_IWBTG,1280,0,0,96,32,32,0,1,1,4294967295
tile_IWBTG,1312,0,0,96,32,32,0,1,1,4294967295
tile_IWBTG,1344,0,0,96,32,32,0,1,1,4294967295
tile_IWBTG,1376,0,0,96,32,32,0,1,1,4294967295
tile_IWBTG,1440,0,0,96,32,32,0,1,1,4294967295
tile_IWBTG,1472,0,0,96,32,32,0,1,1,4294967295
tile_IWBTG,1504,0,0,96,32,32,0,1,1,4294967295
tile_IWBTG,1536,0,0,96,32,32,0,1,1,4294967295
tile_IWBTG,1408,0,0,96,32,32,0,1,1,4294967295
tile_IWBTG,1568,0,32,96,32,32,0,1,1,4294967295
tile_IWBTG,1568,576,32,96,32,32,0,1,1,4294967295
tile_IWBTG,1568,544,32,64,32,32,0,1,1,4294967295
tile_IWBTG,1568,512,32,64,32,32,0,1,1,4294967295
tile_IWBTG,1568,480,32,64,32,32,0,1,1,4294967295
tile_IWBTG,1568,448,32,64,32,32,0,1,1,4294967295
tile_IWBTG,1568,416,32,64,32,32,0,1,1,4294967295
tile_IWBTG,1568,384,32,64,32,32,0,1,1,4294967295
tile_IWBTG,1568,352,32,64,32,32,0,1,1,4294967295
tile_IWBTG,1568,288,32,64,32,32,0,1,1,4294967295
tile_IWBTG,1568,256,32,64,32,32,0,1,1,4294967295
tile_IWBTG,1568,224,32,64,32,32,0,1,1,4294967295
tile_IWBTG,1568,192,32,64,32,32,0,1,1,4294967295
tile_IWBTG,1568,160,32,64,32,32,0,1,1,4294967295
tile_IWBTG,1568,128,32,64,32,32,0,1,1,4294967295
tile_IWBTG,1568,96,32,64,32,32,0,1,1,4294967295
tile_IWBTG,1568,64,32,64,32,32,0,1,1,4294967295
tile_IWBTG,1568,32,32,64,32,32,0,1,1,4294967295
tile_IWBTG,128,576,0,96,32,32,0,1,1,4294967295
tile_IWBTG,384,576,0,96,32,32,0,1,1,4294967295
tile_IWBTG,768,576,0,96,32,32,0,1,1,4294967295
tile_IWBTG,1568,320,32,64,32,32,0,1,1,4294967295
tile_IWBTG,0,256,32,64,32,32,0,1,1,4294967295
tile_IWBTG,128,0,0,96,32,32,0,1,1,4294967295
tile_IWBTG,256,0,0,96,32,32,0,1,1,4294967295
tile_IWBTG,512,0,0,96,32,32,0,1,1,4294967295
tile_IWBTG,768,0,0,96,32,32,0,1,1,4294967295
tile_IWBTG,1408,576,32,96,32,32,0,1,1,4294967295
tile_IWBTG,1536,64,32,96,32,32,0,1,1,4294967295
tile_IWBTG,1440,96,32,96,32,32,0,1,1,4294967295
tile_IWBTG,1504,128,32,96,32,32,0,1,1,4294967295
tile_IWBTG,1440,160,32,96,32,32,0,1,1,4294967295
tile_IWBTG,1536,192,32,96,32,32,0,1,1,4294967295
tile_IWBTG,1472,224,32,96,32,32,0,1,1,4294967295
tile_IWBTG,1504,288,32,96,32,32,0,1,1,4294967295
tile_IWBTG,1536,352,32,96,32,32,0,1,1,4294967295
tile_IWBTG,1472,384,32,96,32,32,0,1,1,4294967295
tile_IWBTG,1440,448,32,96,32,32,0,1,1,4294967295
tile_IWBTG,1472,512,32,96,32,32,0,1,1,4294967295
tile_IWBTG,1536,480,32,96,32,32,0,1,1,4294967295
tile_IWBTG,768,256,32,96,32,32,0,1,1,4294967295
tile_IWBTG,800,256,32,96,32,32,0,1,1,4294967295
tile_IWBTG,800,288,32,96,32,32,0,1,1,4294967295
tile_IWBTG,768,288,32,96,32,32,0,1,1,4294967295
tile_IWBTG,896,352,32,96,32,32,0,1,1,4294967295
tile_IWBTG,928,352,32,96,32,32,0,1,1,4294967295
tile_IWBTG,928,384,32,96,32,32,0,1,1,4294967295
tile_IWBTG,896,384,32,96,32,32,0,1,1,4294967295
tile_IWBTG,128,256,0,96,32,32,0,1,1,4294967295
tile_IWBTG,192,256,0,96,32,32,0,1,1,4294967295
tile_IWBTG,96,256,32,96,32,32,0,1,1,4294967295
tile_IWBTG,160,256,32,96,32,32,0,1,1,4294967295
tile_IWBTG,224,256,32,96,32,32,0,1,1,4294967295
tile_IWBTG,160,128,32,96,32,32,0,1,1,4294967295
tile_IWBTG,288,128,32,96,32,32,0,1,1,4294967295
tile_IWBTG,96,128,32,96,32,32,0,1,1,4294967295
tile_IWBTG,0,128,32,96,32,32,0,1,1,4294967295
tile_IWBTG,320,192,32,96,32,32,0,1,1,4294967295
tile_IWBTG,384,192,32,96,32,32,0,1,1,4294967295
tile_IWBTG,384,0,32,96,32,32,0,1,1,4294967295
tile_IWBTG,320,320,32,96,32,32,0,1,1,4294967295
tile_IWBTG,256,320,32,96,32,32,0,1,1,4294967295
tile_IWBTG,256,416,32,96,32,32,0,1,1,4294967295
tile_IWBTG,256,448,32,96,32,32,0,1,1,4294967295
tile_IWBTG,256,512,32,96,32,32,0,1,1,4294967295
tile_IWBTG,256,576,32,96,32,32,0,1,1,4294967295
tile_IWBTG,160,576,32,96,32,32,0,1,1,4294967295
tile_IWBTG,160,544,32,96,32,32,0,1,1,4294967295
tile_IWBTG,64,512,32,96,32,32,0,1,1,4294967295
tile_IWBTG,64,416,32,96,32,32,0,1,1,4294967295
tile_IWBTG,64,448,32,96,32,32,0,1,1,4294967295
tile_IWBTG,160,448,32,96,32,32,0,1,1,4294967295
tile_IWBTG,160,416,32,96,32,32,0,1,1,4294967295
tile_IWBTG,32,128,0,96,32,32,0,1,1,4294967295
tile_IWBTG,64,128,0,96,32,32,0,1,1,4294967295
tile_IWBTG,192,128,0,96,32,32,0,1,1,4294967295
tile_IWBTG,224,128,0,96,32,32,0,1,1,4294967295
tile_IWBTG,256,128,0,96,32,32,0,1,1,4294967295
tile_IWBTG,352,192,0,96,32,32,0,1,1,4294967295
tile_IWBTG,288,320,0,96,32,32,0,1,1,4294967295
tile_IWBTG,224,416,0,96,32,32,0,1,1,4294967295
tile_IWBTG,192,416,0,96,32,32,0,1,1,4294967295
tile_IWBTG,128,416,0,96,32,32,0,1,1,4294967295
tile_IWBTG,96,416,0,96,32,32,0,1,1,4294967295
tile_IWBTG,96,160,32,64,32,32,0,1,1,4294967295
tile_IWBTG,96,192,32,64,32,32,0,1,1,4294967295
tile_IWBTG,96,224,32,64,32,32,0,1,1,4294967295
tile_IWBTG,160,160,32,64,32,32,0,1,1,4294967295
tile_IWBTG,160,192,32,64,32,32,0,1,1,4294967295
tile_IWBTG,160,224,32,64,32,32,0,1,1,4294967295
tile_IWBTG,384,32,32,64,32,32,0,1,1,4294967295
tile_IWBTG,384,64,32,64,32,32,0,1,1,4294967295
tile_IWBTG,384,96,32,64,32,32,0,1,1,4294967295
tile_IWBTG,384,128,32,64,32,32,0,1,1,4294967295
tile_IWBTG,384,160,32,64,32,32,0,1,1,4294967295
tile_IWBTG,320,224,32,64,32,32,0,1,1,4294967295
tile_IWBTG,320,256,32,64,32,32,0,1,1,4294967295
tile_IWBTG,320,288,32,64,32,32,0,1,1,4294967295
tile_IWBTG,256,352,32,64,32,32,0,1,1,4294967295
tile_IWBTG,256,384,32,64,32,32,0,1,1,4294967295
tile_IWBTG,256,544,32,64,32,32,0,1,1,4294967295
tile_IWBTG,64,544,32,64,32,32,0,1,1,4294967295
tile_IWBTG,448,480,32,64,32,32,0,1,1,4294967295
tile_IWBTG,384,288,32,64,32,32,0,1,1,4294967295
tile_IWBTG,384,320,32,64,32,32,0,1,1,4294967295
tile_IWBTG,544,192,32,64,32,32,0,1,1,4294967295
tile_IWBTG,544,224,32,64,32,32,0,1,1,4294967295
tile_IWBTG,704,128,32,64,32,32,0,1,1,4294967295
tile_IWBTG,704,160,32,64,32,32,0,1,1,4294967295
tile_IWBTG,640,352,32,64,32,32,0,1,1,4294967295
tile_IWBTG,640,384,32,64,32,32,0,1,1,4294967295
tile_IWBTG,640,512,32,64,32,32,0,1,1,4294967295
tile_IWBTG,640,544,32,64,32,32,0,1,1,4294967295
tile_IWBTG,640,576,32,96,32,32,0,1,1,4294967295
tile_IWBTG,640,480,32,96,32,32,0,1,1,4294967295
tile_IWBTG,544,512,32,96,32,32,0,1,1,4294967295
tile_IWBTG,448,448,32,96,32,32,0,1,1,4294967295
tile_IWBTG,384,256,32,96,32,32,0,1,1,4294967295
tile_IWBTG,544,160,32,96,32,32,0,1,1,4294967295
tile_IWBTG,640,256,32,96,32,32,0,1,1,4294967295
tile_IWBTG,512,96,32,96,32,32,0,1,1,4294967295
tile_IWBTG,448,64,32,96,32,32,0,1,1,4294967295
tile_IWBTG,704,96,32,96,32,32,0,1,1,4294967295
tile_IWBTG,800,192,32,96,32,32,0,1,1,4294967295
tile_IWBTG,928,0,32,96,32,32,0,1,1,4294967295
tile_IWBTG,928,64,32,96,32,32,0,1,1,4294967295
tile_IWBTG,960,64,32,96,32,32,0,1,1,4294967295
tile_IWBTG,960,96,32,96,32,32,0,1,1,4294967295
tile_IWBTG,960,128,32,96,32,32,0,1,1,4294967295
tile_IWBTG,992,128,32,96,32,32,0,1,1,4294967295
tile_IWBTG,1056,96,32,96,32,32,0,1,1,4294967295
tile_IWBTG,992,192,32,96,32,32,0,1,1,4294967295
tile_IWBTG,1024,192,32,96,32,32,0,1,1,4294967295
tile_IWBTG,1024,224,32,96,32,32,0,1,1,4294967295
tile_IWBTG,1024,256,32,96,32,32,0,1,1,4294967295
tile_IWBTG,1056,256,32,96,32,32,0,1,1,4294967295
tile_IWBTG,1056,320,32,96,32,32,0,1,1,4294967295
tile_IWBTG,1088,320,32,96,32,32,0,1,1,4294967295
tile_IWBTG,1088,416,32,96,32,32,0,1,1,4294967295
tile_IWBTG,1216,448,32,96,32,32,0,1,1,4294967295
tile_IWBTG,1248,416,32,96,32,32,0,1,1,4294967295
tile_IWBTG,1216,416,32,96,32,32,0,1,1,4294967295
tile_IWBTG,1120,480,32,96,32,32,0,1,1,4294967295
tile_IWBTG,1120,512,32,96,32,32,0,1,1,4294967295
tile_IWBTG,1312,480,32,96,32,32,0,1,1,4294967295
tile_IWBTG,1312,512,32,96,32,32,0,1,1,4294967295
tile_IWBTG,1312,384,32,96,32,32,0,1,1,4294967295
tile_IWBTG,1184,352,32,96,32,32,0,1,1,4294967295
tile_IWBTG,1248,352,32,96,32,32,0,1,1,4294967295
tile_IWBTG,1152,288,32,96,32,32,0,1,1,4294967295
tile_IWBTG,1216,288,32,96,32,32,0,1,1,4294967295
tile_IWBTG,1120,224,32,96,32,32,0,1,1,4294967295
tile_IWBTG,1152,128,32,96,32,32,0,1,1,4294967295
tile_IWBTG,1216,128,32,96,32,32,0,1,1,4294967295
tile_IWBTG,1280,224,32,96,32,32,0,1,1,4294967295
tile_IWBTG,1344,224,32,96,32,32,0,1,1,4294967295
tile_IWBTG,800,512,32,96,32,32,0,1,1,4294967295
tile_IWBTG,800,416,32,96,32,32,0,1,1,4294967295
tile_IWBTG,896,512,32,96,32,32,0,1,1,4294967295
tile_IWBTG,640,320,32,96,32,32,0,1,1,4294967295
tile_IWBTG,640,416,32,96,32,32,0,1,1,4294967295
tile_IWBTG,736,416,32,96,32,32,0,1,1,4294967295
tile_IWBTG,448,512,32,96,32,32,0,1,1,4294967295
tile_IWBTG,384,352,32,96,32,32,0,1,1,4294967295
tile_IWBTG,544,256,32,96,32,32,0,1,1,4294967295
tile_IWBTG,704,192,32,96,32,32,0,1,1,4294967295
tile_IWBTG,992,512,32,96,32,32,0,1,1,4294967295
tile_IWBTG,992,448,32,96,32,32,0,1,1,4294967295
tile_IWBTG,1312,96,32,96,32,32,0,1,1,4294967295
tile_IWBTG,1408,96,32,96,32,32,0,1,1,4294967295
tile_IWBTG,1408,384,32,96,32,32,0,1,1,4294967295
tile_IWBTG,992,96,0,96,32,32,0,1,1,4294967295
tile_IWBTG,1024,96,0,96,32,32,0,1,1,4294967295
tile_IWBTG,736,192,0,96,32,32,0,1,1,4294967295
tile_IWBTG,768,192,0,96,32,32,0,1,1,4294967295
tile_IWBTG,576,256,0,96,32,32,0,1,1,4294967295
tile_IWBTG,608,256,0,96,32,32,0,1,1,4294967295
tile_IWBTG,672,416,0,96,32,32,0,1,1,4294967295
tile_IWBTG,704,416,0,96,32,32,0,1,1,4294967295
tile_IWBTG,832,512,0,96,32,32,0,1,1,4294967295
tile_IWBTG,864,512,0,96,32,32,0,1,1,4294967295
tile_IWBTG,1024,512,0,96,32,32,0,1,1,4294967295
tile_IWBTG,1056,512,0,96,32,32,0,1,1,4294967295
tile_IWBTG,1088,512,0,96,32,32,0,1,1,4294967295
tile_IWBTG,1152,512,0,96,32,32,0,1,1,4294967295
tile_IWBTG,1184,512,0,96,32,32,0,1,1,4294967295
tile_IWBTG,1216,512,0,96,32,32,0,1,1,4294967295
tile_IWBTG,1248,512,0,96,32,32,0,1,1,4294967295
tile_IWBTG,1280,512,0,96,32,32,0,1,1,4294967295
tile_IWBTG,416,352,0,96,32,32,0,1,1,4294967295
tile_IWBTG,480,512,0,96,32,32,0,1,1,4294967295
tile_IWBTG,512,512,0,96,32,32,0,1,1,4294967295
tile_IWBTG,1120,416,0,96,32,32,0,1,1,4294967295
tile_IWBTG,1152,416,0,96,32,32,0,1,1,4294967295
tile_IWBTG,1184,416,0,96,32,32,0,1,1,4294967295
tile_IWBTG,1216,352,0,96,32,32,0,1,1,4294967295
tile_IWBTG,1344,384,0,96,32,32,0,1,1,4294967295
tile_IWBTG,1376,384,0,96,32,32,0,1,1,4294967295
tile_IWBTG,1184,288,0,96,32,32,0,1,1,4294967295
tile_IWBTG,1312,224,0,96,32,32,0,1,1,4294967295
tile_IWBTG,1056,224,0,96,32,32,0,1,1,4294967295
tile_IWBTG,1088,224,0,96,32,32,0,1,1,4294967295
tile_IWBTG,1184,128,0,96,32,32,0,1,1,4294967295
tile_IWBTG,1344,96,0,96,32,32,0,1,1,4294967295
tile_IWBTG,1376,96,0,96,32,32,0,1,1,4294967295
tile_IWBTG,1408,64,32,96,32,32,0,1,1,4294967295
tile_IWBTG,1408,128,32,64,32,32,0,1,1,4294967295
tile_IWBTG,1408,160,32,64,32,32,0,1,1,4294967295
tile_IWBTG,1408,192,32,64,32,32,0,1,1,4294967295
tile_IWBTG,1408,224,32,64,32,32,0,1,1,4294967295
tile_IWBTG,1408,256,32,64,32,32,0,1,1,4294967295
tile_IWBTG,1408,352,32,64,32,32,0,1,1,4294967295
tile_IWBTG,1440,320,32,96,32,32,0,1,1,4294967295
tile_IWBTG,1408,288,32,64,32,32,0,1,1,4294967295
tile_IWBTG,1408,416,32,64,32,32,0,1,1,4294967295
tile_IWBTG,1408,448,32,64,32,32,0,1,1,4294967295
tile_IWBTG,1408,480,32,64,32,32,0,1,1,4294967295
tile_IWBTG,1408,512,32,64,32,32,0,1,1,4294967295
tile_IWBTG,1408,544,32,64,32,32,0,1,1,4294967295
tile_IWBTG,1088,352,32,64,32,32,0,1,1,4294967295
tile_IWBTG,1088,384,32,64,32,32,0,1,1,4294967295
tile_IWBTG,800,448,32,64,32,32,0,1,1,4294967295
tile_IWBTG,800,480,32,64,32,32,0,1,1,4294967295
tile_IWBTG,448,352,32,96,32,32,0,1,1,4294967295
tile_IWBTG,992,480,32,64,32,32,0,1,1,4294967295
tile_IWBTG,64,576,32,96,32,32,0,1,1,4294967295
tile_IWBTG,512,576,0,96,32,32,0,1,1,4294967295
tile_IWBTG,992,160,32,64,32,32,0,1,1,4294967295
tile_IWBTG,1056,288,32,64,32,32,0,1,1,4294967295
tile_IWBTG,960,576,0,96,32,32,0,1,1,4294967295
tile_IWBTG,1056,576,0,96,32,32,0,1,1,4294967295
tile_IWBTG,1184,576,0,96,32,32,0,1,1,4294967295
tile_IWBTG,1408,320,32,64,32,32,0,1,1,4294967295
tile_IWBTG,928,32,32,64,32,32,0,1,1,4294967295
