FunnyWarp,1536,544,,0,1,1,4294967295,0
Block,0,0,,0,1,1,4294967295,0
Block,0,32,,0,1,1,4294967295,0
Block,0,64,,0,1,1,4294967295,0
Block,0,96,,0,1,1,4294967295,0
Block,0,128,,0,1,1,4294967295,0
Block,0,160,,0,1,1,4294967295,0
Block,0,192,,0,1,1,4294967295,0
Block,0,224,,0,1,1,4294967295,0
Block,0,256,,0,1,1,4294967295,0
Block,0,288,,0,1,1,4294967295,0
Block,0,320,,0,1,1,4294967295,0
Block,0,352,,0,1,1,4294967295,0
Block,0,384,,0,1,1,4294967295,0
Block,0,416,,0,1,1,4294967295,0
Block,0,448,,0,1,1,4294967295,0
Block,0,480,,0,1,1,4294967295,0
Block,0,512,,0,1,1,4294967295,0
Block,0,544,,0,1,1,4294967295,0
Block,0,576,,0,1,1,4294967295,0
Block,32,576,,0,1,1,4294967295,0
Block,64,576,,0,1,1,4294967295,0
Block,96,576,,0,1,1,4294967295,0
Block,128,576,,0,1,1,4294967295,0
Block,160,576,,0,1,1,4294967295,0
Block,192,576,,0,1,1,4294967295,0
Block,224,576,,0,1,1,4294967295,0
Block,256,576,,0,1,1,4294967295,0
Block,288,576,,0,1,1,4294967295,0
Block,320,576,,0,1,1,4294967295,0
Block,352,576,,0,1,1,4294967295,0
Block,384,576,,0,1,1,4294967295,0
Block,416,576,,0,1,1,4294967295,0
Block,448,576,,0,1,1,4294967295,0
Block,480,576,,0,1,1,4294967295,0
Block,512,576,,0,1,1,4294967295,0
Block,544,576,,0,1,1,4294967295,0
Block,576,576,,0,1,1,4294967295,0
Block,608,576,,0,1,1,4294967295,0
Block,640,576,,0,1,1,4294967295,0
Block,672,576,,0,1,1,4294967295,0
Block,704,576,,0,1,1,4294967295,0
Block,736,576,,0,1,1,4294967295,0
Block,768,576,,0,1,1,4294967295,0
Block,768,0,,0,1,1,4294967295,0
Block,736,0,,0,1,1,4294967295,0
Block,704,0,,0,1,1,4294967295,0
Block,672,0,,0,1,1,4294967295,0
Block,640,0,,0,1,1,4294967295,0
Block,608,0,,0,1,1,4294967295,0
Block,576,0,,0,1,1,4294967295,0
Block,544,0,,0,1,1,4294967295,0
Block,512,0,,0,1,1,4294967295,0
Block,480,0,,0,1,1,4294967295,0
Block,448,0,,0,1,1,4294967295,0
Block,416,0,,0,1,1,4294967295,0
Block,384,0,,0,1,1,4294967295,0
Block,352,0,,0,1,1,4294967295,0
Block,320,0,,0,1,1,4294967295,0
Block,288,0,,0,1,1,4294967295,0
Block,256,0,,0,1,1,4294967295,0
Block,224,0,,0,1,1,4294967295,0
Block,192,0,,0,1,1,4294967295,0
Block,160,0,,0,1,1,4294967295,0
Block,128,0,,0,1,1,4294967295,0
Block,96,0,,0,1,1,4294967295,0
Block,64,0,,0,1,1,4294967295,0
Block,800,576,,0,1,1,4294967295,0
Block,832,576,,0,1,1,4294967295,0
Block,864,576,,0,1,1,4294967295,0
Block,896,576,,0,1,1,4294967295,0
Block,928,576,,0,1,1,4294967295,0
Block,960,576,,0,1,1,4294967295,0
Block,992,576,,0,1,1,4294967295,0
Block,1024,576,,0,1,1,4294967295,0
Block,1056,576,,0,1,1,4294967295,0
Block,1088,576,,0,1,1,4294967295,0
Block,1120,576,,0,1,1,4294967295,0
Block,1152,576,,0,1,1,4294967295,0
Block,1184,576,,0,1,1,4294967295,0
Block,1216,576,,0,1,1,4294967295,0
Block,1248,576,,0,1,1,4294967295,0
Block,1280,576,,0,1,1,4294967295,0
Block,1312,576,,0,1,1,4294967295,0
Block,1344,576,,0,1,1,4294967295,0
Block,1376,576,,0,1,1,4294967295,0
Block,1408,576,,0,1,1,4294967295,0
Block,1440,576,,0,1,1,4294967295,0
Block,1536,576,,0,1,1,4294967295,0
Block,1568,576,,0,1,1,4294967295,0
Block,1568,544,,0,1,1,4294967295,0
Block,1568,512,,0,1,1,4294967295,0
Block,1568,480,,0,1,1,4294967295,0
Block,1568,448,,0,1,1,4294967295,0
Block,1568,416,,0,1,1,4294967295,0
Block,1568,384,,0,1,1,4294967295,0
Block,1568,352,,0,1,1,4294967295,0
Block,1568,320,,0,1,1,4294967295,0
Block,1568,288,,0,1,1,4294967295,0
Block,1568,256,,0,1,1,4294967295,0
Block,1568,224,,0,1,1,4294967295,0
Block,1568,192,,0,1,1,4294967295,0
Block,1568,160,,0,1,1,4294967295,0
Block,1568,128,,0,1,1,4294967295,0
Block,1568,96,,0,1,1,4294967295,0
Block,1568,64,,0,1,1,4294967295,0
Block,1568,32,,0,1,1,4294967295,0
Block,1568,0,,0,1,1,4294967295,0
Block,1536,0,,0,1,1,4294967295,0
Block,1504,0,,0,1,1,4294967295,0
Block,1472,0,,0,1,1,4294967295,0
Block,1440,0,,0,1,1,4294967295,0
Block,1408,0,,0,1,1,4294967295,0
Block,1376,0,,0,1,1,4294967295,0
Block,1344,0,,0,1,1,4294967295,0
Block,1312,0,,0,1,1,4294967295,0
Block,1280,0,,0,1,1,4294967295,0
Block,1248,0,,0,1,1,4294967295,0
Block,1216,0,,0,1,1,4294967295,0
Block,1184,0,,0,1,1,4294967295,0
Block,1152,0,,0,1,1,4294967295,0
Block,1120,0,,0,1,1,4294967295,0
Block,1088,0,,0,1,1,4294967295,0
Block,1056,0,,0,1,1,4294967295,0
Block,1024,0,,0,1,1,4294967295,0
Block,992,0,,0,1,1,4294967295,0
Block,960,0,,0,1,1,4294967295,0
Block,928,0,,0,1,1,4294967295,0
Block,896,0,,0,1,1,4294967295,0
Block,864,0,,0,1,1,4294967295,0
Block,832,0,,0,1,1,4294967295,0
Block,800,0,,0,1,1,4294967295,0
Block,128,256,,0,1,1,4294967295,0
Block,160,256,,0,1,1,4294967295,0
Block,160,224,,0,1,1,4294967295,0
Block,160,192,,0,1,1,4294967295,0
Block,160,160,,0,1,1,4294967295,0
Block,96,256,,0,1,1,4294967295,0
Block,96,224,,0,1,1,4294967295,0
Block,96,160,,0,1,1,4294967295,0
Block,96,192,,0,1,1,4294967295,0
Block,96,128,,0,1,1,4294967295,0
Block,64,128,,0,1,1,4294967295,0
Block,32,128,,0,1,1,4294967295,0
Block,160,128,,0,1,1,4294967295,0
Block,224,128,,0,1,1,4294967295,0
Block,288,128,,0,1,1,4294967295,0
Block,256,128,,0,1,1,4294967295,0
Block,256,320,,0,1,1,4294967295,0
Block,320,320,,0,1,1,4294967295,0
Block,288,320,,0,1,1,4294967295,0
Block,384,128,,0,1,1,4294967295,0
Block,384,96,,0,1,1,4294967295,0
Block,384,64,,0,1,1,4294967295,0
Block,384,32,,0,1,1,4294967295,0
Block,192,256,,0,1,1,4294967295,0
Block,192,128,,0,1,1,4294967295,0
Block,224,256,,0,1,1,4294967295,0
Block,448,480,,0,1,1,4294967295,0
Block,448,512,,0,1,1,4294967295,0
Block,480,512,,0,1,1,4294967295,0
Block,512,512,,0,1,1,4294967295,0
Block,544,512,,0,1,1,4294967295,0
Block,640,320,,0,1,1,4294967295,0
Block,640,352,,0,1,1,4294967295,0
Block,640,384,,0,1,1,4294967295,0
Block,640,416,,0,1,1,4294967295,0
Block,672,416,,0,1,1,4294967295,0
Block,704,416,,0,1,1,4294967295,0
Block,736,416,,0,1,1,4294967295,0
Block,544,160,,0,1,1,4294967295,0
Block,544,192,,0,1,1,4294967295,0
Block,544,224,,0,1,1,4294967295,0
Block,544,256,,0,1,1,4294967295,0
Block,576,256,,0,1,1,4294967295,0
Block,608,256,,0,1,1,4294967295,0
Block,640,256,,0,1,1,4294967295,0
Block,704,96,,0,1,1,4294967295,0
Block,704,128,,0,1,1,4294967295,0
Block,704,160,,0,1,1,4294967295,0
Block,704,192,,0,1,1,4294967295,0
Block,736,192,,0,1,1,4294967295,0
Block,768,192,,0,1,1,4294967295,0
Block,800,192,,0,1,1,4294967295,0
Block,800,416,,0,1,1,4294967295,0
Block,800,448,,0,1,1,4294967295,0
Block,800,480,,0,1,1,4294967295,0
Block,800,512,,0,1,1,4294967295,0
Block,832,512,,0,1,1,4294967295,0
Block,864,512,,0,1,1,4294967295,0
Block,896,512,,0,1,1,4294967295,0
Block,640,480,,0,1,1,4294967295,0
Block,640,512,,0,1,1,4294967295,0
Block,640,544,,0,1,1,4294967295,0
Block,320,288,,0,1,1,4294967295,0
Block,320,256,,0,1,1,4294967295,0
Block,320,224,,0,1,1,4294967295,0
Block,352,192,,0,1,1,4294967295,0
Block,384,160,,0,1,1,4294967295,0
Block,320,192,,0,1,1,4294967295,0
Block,384,192,,0,1,1,4294967295,0
Block,384,256,,0,1,1,4294967295,0
Block,384,288,,0,1,1,4294967295,0
Block,384,320,,0,1,1,4294967295,0
Block,384,352,,0,1,1,4294967295,0
Block,416,352,,0,1,1,4294967295,0
Block,256,352,,0,1,1,4294967295,0
Block,256,384,,0,1,1,4294967295,0
Block,256,416,,0,1,1,4294967295,0
Block,224,416,,0,1,1,4294967295,0
Block,192,416,,0,1,1,4294967295,0
Block,160,416,,0,1,1,4294967295,0
Block,160,448,,0,1,1,4294967295,0
Block,256,512,,0,1,1,4294967295,0
Block,256,544,,0,1,1,4294967295,0
Block,256,448,,0,1,1,4294967295,0
Block,160,544,,0,1,1,4294967295,0
Block,128,416,,0,1,1,4294967295,0
Block,96,416,,0,1,1,4294967295,0
Block,64,416,,0,1,1,4294967295,0
Block,64,448,,0,1,1,4294967295,0
Block,64,544,,0,1,1,4294967295,0
Block,64,512,,0,1,1,4294967295,0
Block,928,32,,0,1,1,4294967295,0
Block,928,64,,0,1,1,4294967295,0
Block,960,96,,0,1,1,4294967295,0
Block,960,128,,0,1,1,4294967295,0
Block,992,160,,0,1,1,4294967295,0
Block,992,192,,0,1,1,4294967295,0
Block,960,64,,0,1,1,4294967295,0
Block,992,128,,0,1,1,4294967295,0
Block,1024,192,,0,1,1,4294967295,0
Block,1024,224,,0,1,1,4294967295,0
Block,1024,256,,0,1,1,4294967295,0
Block,1056,256,,0,1,1,4294967295,0
Block,1056,288,,0,1,1,4294967295,0
Block,1056,320,,0,1,1,4294967295,0
Block,1088,320,,0,1,1,4294967295,0
Block,1088,352,,0,1,1,4294967295,0
Block,1088,384,,0,1,1,4294967295,0
Block,896,352,,0,1,1,4294967295,0
Block,896,384,,0,1,1,4294967295,0
Block,928,384,,0,1,1,4294967295,0
Block,928,352,,0,1,1,4294967295,0
Block,768,256,,0,1,1,4294967295,0
Block,768,288,,0,1,1,4294967295,0
Block,800,288,,0,1,1,4294967295,0
Block,800,256,,0,1,1,4294967295,0
Block,448,64,,0,1,1,4294967295,0
Block,512,96,,0,1,1,4294967295,0
Block,992,448,,0,1,1,4294967295,0
Block,992,480,,0,1,1,4294967295,0
Block,992,512,,0,1,1,4294967295,0
Block,1024,512,,0,1,1,4294967295,0
Block,1056,512,,0,1,1,4294967295,0
Block,1088,512,,0,1,1,4294967295,0
Block,1120,512,,0,1,1,4294967295,0
Block,1152,512,,0,1,1,4294967295,0
Block,1184,512,,0,1,1,4294967295,0
Block,1216,512,,0,1,1,4294967295,0
Block,1248,512,,0,1,1,4294967295,0
Block,1280,512,,0,1,1,4294967295,0
Block,1312,512,,0,1,1,4294967295,0
Block,1312,480,,0,1,1,4294967295,0
Block,1120,480,,0,1,1,4294967295,0
Block,1184,416,,0,1,1,4294967295,0
Block,1088,416,,0,1,1,4294967295,0
Block,1120,416,,0,1,1,4294967295,0
Block,1152,416,,0,1,1,4294967295,0
Block,1216,448,,0,1,1,4294967295,0
Block,1216,416,,0,1,1,4294967295,0
Block,1248,416,,0,1,1,4294967295,0
Block,1408,544,,0,1,1,4294967295,0
Block,1408,512,,0,1,1,4294967295,0
Block,1408,480,,0,1,1,4294967295,0
Block,1408,448,,0,1,1,4294967295,0
Block,1408,416,,0,1,1,4294967295,0
Block,1408,384,,0,1,1,4294967295,0
Block,1408,352,,0,1,1,4294967295,0
Block,1408,320,,0,1,1,4294967295,0
Block,1408,288,,0,1,1,4294967295,0
Block,1408,256,,0,1,1,4294967295,0
Block,1408,224,,0,1,1,4294967295,0
Block,1408,192,,0,1,1,4294967295,0
Block,1408,160,,0,1,1,4294967295,0
Block,1408,128,,0,1,1,4294967295,0
Block,1408,96,,0,1,1,4294967295,0
Block,1408,64,,0,1,1,4294967295,0
Block,1152,288,,0,1,1,4294967295,0
Block,1184,288,,0,1,1,4294967295,0
Block,1216,288,,0,1,1,4294967295,0
Block,1280,224,,0,1,1,4294967295,0
Block,1312,224,,0,1,1,4294967295,0
Block,1344,224,,0,1,1,4294967295,0
Block,1376,384,,0,1,1,4294967295,0
Block,1344,384,,0,1,1,4294967295,0
Block,1312,384,,0,1,1,4294967295,0
Block,1120,224,,0,1,1,4294967295,0
Block,1088,224,,0,1,1,4294967295,0
Block,1056,224,,0,1,1,4294967295,0
Block,1152,128,,0,1,1,4294967295,0
Block,1184,128,,0,1,1,4294967295,0
Block,1216,128,,0,1,1,4294967295,0
Block,1312,96,,0,1,1,4294967295,0
Block,1344,96,,0,1,1,4294967295,0
Block,1376,96,,0,1,1,4294967295,0
Block,1056,96,,0,1,1,4294967295,0
Block,1024,96,,0,1,1,4294967295,0
Block,992,96,,0,1,1,4294967295,0
Block,1184,352,,0,1,1,4294967295,0
Block,1216,352,,0,1,1,4294967295,0
Block,1248,352,,0,1,1,4294967295,0
Block,1440,160,,0,1,1,4294967295,0
Block,1504,288,,0,1,1,4294967295,0
Block,1472,384,,0,1,1,4294967295,0
Block,1536,480,,0,1,1,4294967295,0
Block,1472,512,,0,1,1,4294967295,0
Block,1504,128,,0,1,1,4294967295,0
Block,1536,64,,0,1,1,4294967295,0
Block,1536,352,,0,1,1,4294967295,0
Block,1536,192,,0,1,1,4294967295,0
Block,1440,96,,0,1,1,4294967295,0
Block,1440,320,,0,1,1,4294967295,0
Block,1440,448,,0,1,1,4294967295,0
Block,1472,224,,0,1,1,4294967295,0
Block,448,352,,0,1,1,4294967295,0
Block,448,448,,0,1,1,4294967295,0
Block,32,0,,0,1,1,4294967295,0
Block,1504,576,,0,1,1,4294967295,0
Block,1472,576,,0,1,1,4294967295,0
FunnyJump,32,32,BFA92213,0,1,1,4294967295,0
PlayerStart,128,224,,0,1,1,4294967295,0
