FunnyWarp,704,64,,0,1,1,4294967295,0
Block,0,0,,0,1,1,4294967295,0
Block,0,32,,0,1,1,4294967295,0
Block,0,64,,0,1,1,4294967295,0
Block,0,96,,0,1,1,4294967295,0
Block,0,128,,0,1,1,4294967295,0
Block,0,160,,0,1,1,4294967295,0
Block,0,192,,0,1,1,4294967295,0
Block,0,224,,0,1,1,4294967295,0
Block,0,256,,0,1,1,4294967295,0
Block,0,288,,0,1,1,4294967295,0
Block,0,320,,0,1,1,4294967295,0
Block,0,352,,0,1,1,4294967295,0
Block,0,384,,0,1,1,4294967295,0
Block,0,416,,0,1,1,4294967295,0
Block,0,448,,0,1,1,4294967295,0
Block,0,480,,0,1,1,4294967295,0
Block,0,512,,0,1,1,4294967295,0
Block,0,544,,0,1,1,4294967295,0
Block,0,576,,0,1,1,4294967295,0
Block,32,576,,0,1,1,4294967295,0
Block,64,576,,0,1,1,4294967295,0
Block,96,576,,0,1,1,4294967295,0
Block,128,576,,0,1,1,4294967295,0
Block,160,576,,0,1,1,4294967295,0
Block,192,576,,0,1,1,4294967295,0
Block,224,576,,0,1,1,4294967295,0
Block,256,576,,0,1,1,4294967295,0
Block,288,576,,0,1,1,4294967295,0
Block,320,576,,0,1,1,4294967295,0
Block,352,576,,0,1,1,4294967295,0
Block,384,576,,0,1,1,4294967295,0
Block,416,576,,0,1,1,4294967295,0
Block,448,576,,0,1,1,4294967295,0
Block,480,576,,0,1,1,4294967295,0
Block,512,576,,0,1,1,4294967295,0
Block,544,576,,0,1,1,4294967295,0
Block,576,576,,0,1,1,4294967295,0
Block,608,576,,0,1,1,4294967295,0
Block,640,576,,0,1,1,4294967295,0
Block,672,576,,0,1,1,4294967295,0
Block,704,576,,0,1,1,4294967295,0
Block,736,576,,0,1,1,4294967295,0
Block,768,576,,0,1,1,4294967295,0
Block,768,544,,0,1,1,4294967295,0
Block,768,512,,0,1,1,4294967295,0
Block,768,480,,0,1,1,4294967295,0
Block,768,448,,0,1,1,4294967295,0
Block,768,416,,0,1,1,4294967295,0
Block,768,384,,0,1,1,4294967295,0
Block,768,352,,0,1,1,4294967295,0
Block,768,320,,0,1,1,4294967295,0
Block,768,288,,0,1,1,4294967295,0
Block,768,256,,0,1,1,4294967295,0
Block,768,224,,0,1,1,4294967295,0
Block,768,192,,0,1,1,4294967295,0
Block,768,160,,0,1,1,4294967295,0
Block,768,128,,0,1,1,4294967295,0
Block,768,96,,0,1,1,4294967295,0
Block,768,64,,0,1,1,4294967295,0
Block,768,32,,0,1,1,4294967295,0
Block,768,0,,0,1,1,4294967295,0
Block,736,0,,0,1,1,4294967295,0
Block,704,0,,0,1,1,4294967295,0
Block,672,0,,0,1,1,4294967295,0
Block,640,0,,0,1,1,4294967295,0
Block,608,0,,0,1,1,4294967295,0
Block,576,0,,0,1,1,4294967295,0
Block,544,0,,0,1,1,4294967295,0
Block,512,0,,0,1,1,4294967295,0
Block,480,0,,0,1,1,4294967295,0
Block,448,0,,0,1,1,4294967295,0
Block,416,0,,0,1,1,4294967295,0
Block,384,0,,0,1,1,4294967295,0
Block,352,0,,0,1,1,4294967295,0
Block,320,0,,0,1,1,4294967295,0
Block,288,0,,0,1,1,4294967295,0
Block,256,0,,0,1,1,4294967295,0
Block,224,0,,0,1,1,4294967295,0
Block,192,0,,0,1,1,4294967295,0
Block,160,0,,0,1,1,4294967295,0
Block,128,0,,0,1,1,4294967295,0
Block,96,0,,0,1,1,4294967295,0
Block,64,0,,0,1,1,4294967295,0
Block,32,0,,0,1,1,4294967295,0
Block,128,448,,0,1,1,4294967295,0
Block,256,448,,0,1,1,4294967295,0
Block,384,448,,0,1,1,4294967295,0
Block,512,448,,0,1,1,4294967295,0
Block,640,448,,0,1,1,4294967295,0
Block,128,128,,0,1,1,4294967295,0
Block,256,128,,0,1,1,4294967295,0
Block,384,128,,0,1,1,4294967295,0
Block,512,128,,0,1,1,4294967295,0
Block,640,128,,0,1,1,4294967295,0
Block,640,96,,0,1,1,4294967295,0
Block,384,96,,0,1,1,4294967295,0
Block,160,448,,0,1,1,4294967295,0
Block,192,448,,0,1,1,4294967295,0
Block,224,448,,0,1,1,4294967295,0
Block,288,448,,0,1,1,4294967295,0
Block,320,448,,0,1,1,4294967295,0
Block,352,448,,0,1,1,4294967295,0
Block,416,448,,0,1,1,4294967295,0
Block,448,448,,0,1,1,4294967295,0
Block,480,448,,0,1,1,4294967295,0
Block,544,448,,0,1,1,4294967295,0
Block,576,448,,0,1,1,4294967295,0
Block,608,448,,0,1,1,4294967295,0
Block,736,128,,0,1,1,4294967295,0
Block,704,128,,0,1,1,4294967295,0
Block,672,128,,0,1,1,4294967295,0
Block,608,128,,0,1,1,4294967295,0
Block,576,128,,0,1,1,4294967295,0
Block,544,128,,0,1,1,4294967295,0
Block,480,128,,0,1,1,4294967295,0
Block,448,128,,0,1,1,4294967295,0
Block,416,128,,0,1,1,4294967295,0
Block,352,128,,0,1,1,4294967295,0
Block,320,128,,0,1,1,4294967295,0
Block,288,128,,0,1,1,4294967295,0
Block,128,352,,0,1,1,4294967295,0
Block,384,64,,0,1,1,4294967295,0
Block,640,64,,0,1,1,4294967295,0
Block,128,96,,0,1,1,4294967295,0
Block,128,32,,0,1,1,4294967295,0
Block,256,32,,0,1,1,4294967295,0
Block,512,32,,0,1,1,4294967295,0
Block,256,512,,0,1,1,4294967295,0
Block,512,512,,0,1,1,4294967295,0
Block,640,480,,0,1,1,4294967295,0
Block,640,544,,0,1,1,4294967295,0
Block,128,480,,0,1,1,4294967295,0
Block,128,544,,0,1,1,4294967295,0
Block,384,480,,0,1,1,4294967295,0
Block,384,544,,0,1,1,4294967295,0
Block,576,384,,0,1,1,4294967295,0
Block,512,288,,0,1,1,4294967295,0
Block,448,384,,0,1,1,4294967295,0
Block,128,256,,0,1,1,4294967295,0
Block,128,288,,0,1,1,4294967295,0
Block,128,320,,0,1,1,4294967295,0
Block,128,224,,0,1,1,4294967295,0
Block,128,192,,0,1,1,4294967295,0
Block,128,160,,0,1,1,4294967295,0
Block,64,256,,0,1,1,4294967295,0
Block,64,128,,0,1,1,4294967295,0
Block,128,64,,0,1,1,4294967295,0
Block,64,384,,0,1,1,4294967295,0
Block,32,256,,0,1,1,4294967295,0
Block,96,384,,0,1,1,4294967295,0
Block,128,384,,0,1,1,4294967295,0
Block,128,416,,0,1,1,4294967295,0
Block,64,512,,0,1,1,4294967295,0
Block,512,96,,0,1,1,4294967295,0
Block,256,96,,0,1,1,4294967295,0
Block,640,288,,0,1,1,4294967295,0
Block,704,384,,0,1,1,4294967295,0
Block,576,192,,0,1,1,4294967295,0
Block,256,544,,0,1,1,4294967295,0
Block,512,544,,0,1,1,4294967295,0
Block,64,96,,0,1,1,4294967295,0
Block,96,128,,0,1,1,4294967295,0
Block,704,512,,0,1,1,4294967295,0
Block,448,192,,0,1,1,4294967295,0
Block,704,192,,0,1,1,4294967295,0
Block,320,192,,0,1,1,4294967295,0
Block,320,384,,0,1,1,4294967295,0
Block,256,288,,0,1,1,4294967295,0
Block,192,192,,0,1,1,4294967295,0
Block,192,384,,0,1,1,4294967295,0
FunnyJump,32,32,,0,1,1,4294967295,0
PlayerStart,96,96,,0,1,1,4294967295,0
