tile_IWBTG,192,96,32,96,32,32,0,1,1,4294967295
tile_IWBTG,192,32,32,96,32,32,0,1,1,4294967295
tile_IWBTG,192,0,32,96,32,32,0,1,1,4294967295
tile_IWBTG,256,96,32,96,32,32,0,1,1,4294967295
tile_IWBTG,288,96,32,96,32,32,0,1,1,4294967295
tile_IWBTG,352,64,32,96,32,32,0,1,1,4294967295
tile_IWBTG,352,0,32,96,32,32,0,1,1,4294967295
tile_IWBTG,352,32,32,64,32,32,0,1,1,4294967295
tile_IWBTG,384,128,32,64,32,32,0,1,1,4294967295
tile_IWBTG,384,96,32,96,32,32,0,1,1,4294967295
tile_IWBTG,384,160,32,96,32,32,0,1,1,4294967295
tile_IWBTG,448,160,32,96,32,32,0,1,1,4294967295
tile_IWBTG,448,192,32,96,32,32,0,1,1,4294967295
tile_IWBTG,512,160,32,96,32,32,0,1,1,4294967295
tile_IWBTG,544,160,32,96,32,32,0,1,1,4294967295
tile_IWBTG,480,64,32,96,32,32,0,1,1,4294967295
tile_IWBTG,448,64,32,96,32,32,0,1,1,4294967295
tile_IWBTG,544,32,32,96,32,32,0,1,1,4294967295
tile_IWBTG,544,0,32,96,32,32,0,1,1,4294967295
tile_IWBTG,416,288,32,96,32,32,0,1,1,4294967295
tile_IWBTG,384,288,32,96,32,32,0,1,1,4294967295
tile_IWBTG,384,384,32,96,32,32,0,1,1,4294967295
tile_IWBTG,448,352,32,96,32,32,0,1,1,4294967295
tile_IWBTG,480,288,32,96,32,32,0,1,1,4294967295
tile_IWBTG,320,320,32,96,32,32,0,1,1,4294967295
tile_IWBTG,320,192,32,96,32,32,0,1,1,4294967295
tile_IWBTG,320,224,32,64,32,32,0,1,1,4294967295
tile_IWBTG,320,256,32,64,32,32,0,1,1,4294967295
tile_IWBTG,320,288,32,64,32,32,0,1,1,4294967295
tile_IWBTG,256,256,32,96,32,32,0,1,1,4294967295
tile_IWBTG,224,160,32,96,32,32,0,1,1,4294967295
tile_IWBTG,128,0,0,96,32,32,0,1,1,4294967295
tile_IWBTG,512,0,0,96,32,32,0,1,1,4294967295
tile_IWBTG,256,0,0,96,32,32,0,1,1,4294967295
tile_IWBTG,768,96,32,64,32,32,0,1,1,4294967295
tile_IWBTG,768,128,32,64,32,32,0,1,1,4294967295
tile_IWBTG,128,576,0,96,32,32,0,1,1,4294967295
tile_IWBTG,256,576,0,96,32,32,0,1,1,4294967295
tile_IWBTG,384,576,0,96,32,32,0,1,1,4294967295
tile_IWBTG,512,576,0,96,32,32,0,1,1,4294967295
tile_IWBTG,0,256,32,64,32,32,0,1,1,4294967295
tile_IWBTG,96,448,32,96,32,32,0,1,1,4294967295
tile_IWBTG,96,576,32,96,32,32,0,1,1,4294967295
tile_IWBTG,640,576,32,96,32,32,0,1,1,4294967295
tile_IWBTG,640,544,32,96,32,32,0,1,1,4294967295
tile_IWBTG,736,544,32,96,32,32,0,1,1,4294967295
tile_IWBTG,736,576,32,96,32,32,0,1,1,4294967295
tile_IWBTG,704,288,32,96,32,32,0,1,1,4294967295
tile_IWBTG,768,288,32,96,32,32,0,1,1,4294967295
tile_IWBTG,768,160,32,96,32,32,0,1,1,4294967295
tile_IWBTG,736,160,32,96,32,32,0,1,1,4294967295
tile_IWBTG,32,320,32,96,32,32,0,1,1,4294967295
tile_IWBTG,0,320,32,96,32,32,0,1,1,4294967295
tile_IWBTG,0,192,32,96,32,32,0,1,1,4294967295
tile_IWBTG,32,192,32,96,32,32,0,1,1,4294967295
tile_IWBTG,64,160,32,96,32,32,0,1,1,4294967295
tile_IWBTG,96,256,32,96,32,32,0,1,1,4294967295
tile_IWBTG,96,352,32,96,32,32,0,1,1,4294967295
tile_IWBTG,192,320,32,96,32,32,0,1,1,4294967295
tile_IWBTG,192,352,32,96,32,32,0,1,1,4294967295
tile_IWBTG,160,416,32,96,32,32,0,1,1,4294967295
tile_IWBTG,160,512,32,96,32,32,0,1,1,4294967295
tile_IWBTG,224,576,32,96,32,32,0,1,1,4294967295
tile_IWBTG,224,512,32,96,32,32,0,1,1,4294967295
tile_IWBTG,256,480,32,96,32,32,0,1,1,4294967295
tile_IWBTG,32,480,32,96,32,32,0,1,1,4294967295
tile_IWBTG,0,480,32,96,32,32,0,1,1,4294967295
tile_IWBTG,352,512,32,96,32,32,0,1,1,4294967295
tile_IWBTG,416,512,32,96,32,32,0,1,1,4294967295
tile_IWBTG,320,480,32,96,32,32,0,1,1,4294967295
tile_IWBTG,320,448,32,96,32,32,0,1,1,4294967295
tile_IWBTG,288,416,32,96,32,32,0,1,1,4294967295
tile_IWBTG,288,384,32,96,32,32,0,1,1,4294967295
tile_IWBTG,256,352,32,96,32,32,0,1,1,4294967295
tile_IWBTG,256,320,32,96,32,32,0,1,1,4294967295
tile_IWBTG,224,288,32,96,32,32,0,1,1,4294967295
tile_IWBTG,224,256,32,96,32,32,0,1,1,4294967295
tile_IWBTG,192,224,32,96,32,32,0,1,1,4294967295
tile_IWBTG,192,192,32,96,32,32,0,1,1,4294967295
tile_IWBTG,160,160,32,96,32,32,0,1,1,4294967295
tile_IWBTG,160,128,32,96,32,32,0,1,1,4294967295
tile_IWBTG,64,96,32,96,32,32,0,1,1,4294967295
tile_IWBTG,128,96,32,96,32,32,0,1,1,4294967295
tile_IWBTG,640,96,32,96,32,32,0,1,1,4294967295
tile_IWBTG,704,96,32,96,32,32,0,1,1,4294967295
tile_IWBTG,672,128,32,96,32,32,0,1,1,4294967295
tile_IWBTG,672,96,32,96,32,32,0,1,1,4294967295
tile_IWBTG,704,224,32,96,32,32,0,1,1,4294967295
tile_IWBTG,640,224,32,96,32,32,0,1,1,4294967295
tile_IWBTG,608,320,32,96,32,32,0,1,1,4294967295
tile_IWBTG,672,352,32,96,32,32,0,1,1,4294967295
tile_IWBTG,608,448,32,96,32,32,0,1,1,4294967295
tile_IWBTG,704,480,32,96,32,32,0,1,1,4294967295
tile_IWBTG,576,512,32,96,32,32,0,1,1,4294967295
tile_IWBTG,512,448,32,96,32,32,0,1,1,4294967295
tile_IWBTG,448,448,32,96,32,32,0,1,1,4294967295
tile_IWBTG,448,480,32,96,32,32,0,1,1,4294967295
tile_IWBTG,480,384,32,96,32,32,0,1,1,4294967295
tile_IWBTG,480,416,32,96,32,32,0,1,1,4294967295
tile_IWBTG,512,352,32,96,32,32,0,1,1,4294967295
tile_IWBTG,512,320,32,96,32,32,0,1,1,4294967295
tile_IWBTG,544,288,32,96,32,32,0,1,1,4294967295
tile_IWBTG,544,256,32,96,32,32,0,1,1,4294967295
tile_IWBTG,576,224,32,96,32,32,0,1,1,4294967295
tile_IWBTG,576,192,32,96,32,32,0,1,1,4294967295
tile_IWBTG,608,160,32,96,32,32,0,1,1,4294967295
tile_IWBTG,0,0,32,96,32,32,0,1,1,4294967295
tile_IWBTG,768,0,32,96,32,32,0,1,1,4294967295
tile_IWBTG,768,576,32,96,32,32,0,1,1,4294967295
tile_IWBTG,0,576,32,96,32,32,0,1,1,4294967295
tile_IWBTG,0,288,32,64,32,32,0,1,1,4294967295
tile_IWBTG,0,352,32,64,32,32,0,1,1,4294967295
tile_IWBTG,0,384,32,64,32,32,0,1,1,4294967295
tile_IWBTG,0,416,32,64,32,32,0,1,1,4294967295
tile_IWBTG,0,448,32,64,32,32,0,1,1,4294967295
tile_IWBTG,0,512,32,64,32,32,0,1,1,4294967295
tile_IWBTG,0,544,32,64,32,32,0,1,1,4294967295
tile_IWBTG,768,32,32,64,32,32,0,1,1,4294967295
tile_IWBTG,768,64,32,64,32,32,0,1,1,4294967295
tile_IWBTG,768,192,32,64,32,32,0,1,1,4294967295
tile_IWBTG,768,224,32,64,32,32,0,1,1,4294967295
tile_IWBTG,768,256,32,64,32,32,0,1,1,4294967295
tile_IWBTG,768,320,32,64,32,32,0,1,1,4294967295
tile_IWBTG,768,352,32,64,32,32,0,1,1,4294967295
tile_IWBTG,768,384,32,64,32,32,0,1,1,4294967295
tile_IWBTG,768,416,32,64,32,32,0,1,1,4294967295
tile_IWBTG,768,448,32,64,32,32,0,1,1,4294967295
tile_IWBTG,768,480,32,64,32,32,0,1,1,4294967295
tile_IWBTG,768,512,32,64,32,32,0,1,1,4294967295
tile_IWBTG,768,544,32,64,32,32,0,1,1,4294967295
tile_IWBTG,0,224,32,64,32,32,0,1,1,4294967295
tile_IWBTG,0,160,32,64,32,32,0,1,1,4294967295
tile_IWBTG,0,128,32,64,32,32,0,1,1,4294967295
tile_IWBTG,0,96,32,64,32,32,0,1,1,4294967295
tile_IWBTG,0,64,32,64,32,32,0,1,1,4294967295
tile_IWBTG,0,32,32,64,32,32,0,1,1,4294967295
tile_IWBTG,32,0,0,96,32,32,0,1,1,4294967295
tile_IWBTG,64,0,0,96,32,32,0,1,1,4294967295
tile_IWBTG,96,0,0,96,32,32,0,1,1,4294967295
tile_IWBTG,160,0,0,96,32,32,0,1,1,4294967295
tile_IWBTG,224,0,0,96,32,32,0,1,1,4294967295
tile_IWBTG,288,0,0,96,32,32,0,1,1,4294967295
tile_IWBTG,320,0,0,96,32,32,0,1,1,4294967295
tile_IWBTG,384,0,0,96,32,32,0,1,1,4294967295
tile_IWBTG,416,0,0,96,32,32,0,1,1,4294967295
tile_IWBTG,448,0,0,96,32,32,0,1,1,4294967295
tile_IWBTG,480,0,0,96,32,32,0,1,1,4294967295
tile_IWBTG,576,0,0,96,32,32,0,1,1,4294967295
tile_IWBTG,608,0,0,96,32,32,0,1,1,4294967295
tile_IWBTG,640,0,0,96,32,32,0,1,1,4294967295
tile_IWBTG,672,0,0,96,32,32,0,1,1,4294967295
tile_IWBTG,704,0,0,96,32,32,0,1,1,4294967295
tile_IWBTG,736,0,0,96,32,32,0,1,1,4294967295
tile_IWBTG,32,576,0,96,32,32,0,1,1,4294967295
tile_IWBTG,64,576,0,96,32,32,0,1,1,4294967295
tile_IWBTG,160,576,0,96,32,32,0,1,1,4294967295
tile_IWBTG,192,576,0,96,32,32,0,1,1,4294967295
tile_IWBTG,288,576,0,96,32,32,0,1,1,4294967295
tile_IWBTG,320,576,0,96,32,32,0,1,1,4294967295
tile_IWBTG,352,576,0,96,32,32,0,1,1,4294967295
tile_IWBTG,416,576,0,96,32,32,0,1,1,4294967295
tile_IWBTG,448,576,0,96,32,32,0,1,1,4294967295
tile_IWBTG,480,576,0,96,32,32,0,1,1,4294967295
tile_IWBTG,544,576,0,96,32,32,0,1,1,4294967295
tile_IWBTG,576,576,0,96,32,32,0,1,1,4294967295
tile_IWBTG,608,576,0,96,32,32,0,1,1,4294967295
tile_IWBTG,672,576,0,96,32,32,0,1,1,4294967295
tile_IWBTG,704,576,0,96,32,32,0,1,1,4294967295
tile_IWBTG,96,480,32,64,32,32,0,1,1,4294967295
tile_IWBTG,96,512,32,64,32,32,0,1,1,4294967295
tile_IWBTG,96,544,32,64,32,32,0,1,1,4294967295
tile_IWBTG,224,544,32,64,32,32,0,1,1,4294967295
tile_IWBTG,736,288,0,96,32,32,0,1,1,4294967295
tile_IWBTG,96,96,0,96,32,32,0,1,1,4294967295
tile_IWBTG,608,128,32,96,32,32,0,1,1,4294967295
tile_IWBTG,384,512,0,96,32,32,0,1,1,4294967295
